              precision    recall  f1-score   support

           0     0.2119    0.0185    0.0341      1726
           1     0.2663    0.0435    0.0748      2160
           2     0.0602    0.0535    0.0566       243
           3     0.1326    0.8177    0.2282      1218
           4     0.3636    0.1333    0.1950      1921
           5     0.3481    0.1205    0.1790      2548

    accuracy                         0.1730      9816
   macro avg     0.2305    0.1978    0.1280      9816
weighted avg     0.2753    0.1730    0.1368      9816
